if not game:IsLoaded() then 
    repeat game.Loaded:Wait()
    until game:IsLoaded() 
end
repeat wait(1)
    pcall(function()
        if game:GetService("Players").LocalPlayer.PlayerGui.Main:FindFirstChild("ChooseTeam") then
            if game:GetService("Players").LocalPlayer.PlayerGui.Main.ChooseTeam.Visible == true then
                if _G.Team == "Marines" then
                    for i,v in pairs(getconnections(game:GetService("Players").LocalPlayer.PlayerGui.Main.ChooseTeam.Container.Marines.Frame.ViewportFrame.TextButton.MouseButton1Click)) do
                        v.Function()
                    end
                else
                    for i,v in pairs(getconnections(game:GetService("Players").LocalPlayer.PlayerGui.Main.ChooseTeam.Container.Pirates.Frame.ViewportFrame.TextButton.MouseButton1Click)) do
                        v.Function()
                    end
                end
            end
        end
    end)
until game.Players.localPlayer.Neutral == false
if _G.Fast_Delay == nil then
	_G.Fast_Delay = 0.2
end
spawn(function()
    while true do wait()
        getgenv().rejoin = game:GetService("CoreGui").RobloxPromptGui.promptOverlay.ChildAdded:Connect(function(Kick)
            if not _G.TP_Ser and _G.Rejoin then
                if Kick.Name == 'ErrorPrompt' and Kick:FindFirstChild('MessageArea') and Kick.MessageArea:FindFirstChild("ErrorFrame") then
                    game:GetService("TeleportService"):Teleport(game.PlaceId)
                    wait(50)
                end
            end
        end)
    end
end)

local VirtualUser=game:service'VirtualUser'
game:service'Players'.LocalPlayer.Idled:connect(function()
	VirtualUser:CaptureController()
	VirtualUser:ClickButton2(Vector2.new())
end)

spawn(function()
	while wait(3) do
		game:GetService'VirtualUser':CaptureController()
	end
end)

Old_World = false
New_World = false
Three_World = false
local placeId = game.PlaceId
if placeId == 2753915549 then
    Old_World = true
elseif placeId == 4442272183 then
    New_World = true
elseif placeId == 7449423635 then
    Three_World = true
end
_G.Color = Color3.fromRGB(68, 202, 186)

_G.Setting_table = {
    Auto_Farm = false,
    FastAttack = true,
	Auto_Buso = true,
	Auto_Ken = true,
	Show_Damage = true,
	NoClip = true,
	Save_Member = true,
	Melee_A = true,
	Defense_A = true,
	SkillZ = true,
	Rejoin = true,
	Anti_AFK = true,
	K_MAX = 50,
	Chest_Lock = 50,
	Delay_C = 15
}

_G.Check_Save_Setting = "CheckSaveSetting"

getgenv()['JsonEncode'] = function(msg)
    return game:GetService("HttpService"):JSONEncode(msg)
end
getgenv()['JsonDecode'] = function(msg)
    return game:GetService("HttpService"):JSONDecode(msg)
end
getgenv()['Check_Setting'] = function(Name)
    if not _G.Dis and not isfolder('Switch Hub BF Premium') then
        makefolder('Switch Hub BF Premium')
    end
    if not _G.Dis and not isfile('Switch Hub BF Premium/'..Name..'.json') then
        writefile('Switch Hub BF Premium/'..Name..'.json',JsonEncode(_G.Setting_table))
    end
end
getgenv()['Get_Setting'] = function(Name)
    if not _G.Dis and isfolder('Switch Hub BF Premium') and isfile('Switch Hub BF Premium/'..Name..'.json') then
        _G.Setting_table = JsonDecode(readfile('Switch Hub BF Premium/'..Name..'.json'))
        return _G.Setting_table
	elseif not _G.Dis then
        Check_Setting(Name)
    end
end
getgenv()['Update_Setting'] = function(Name)
    if not _G.Dis and isfolder('Switch Hub BF Premium') and isfile('Switch Hub BF Premium/'..Name..'.json') then
        writefile('Switch Hub BF Premium/'..Name..'.json',JsonEncode(_G.Setting_table))
	elseif not _G.Dis then
        Check_Setting(Name)
    end
end

Check_Setting(_G.Check_Save_Setting)
Get_Setting(_G.Check_Save_Setting)

if _G.Setting_table.Save_Member then
	getgenv()['MyName'] = game.Players.LocalPlayer.Name
	print("Save Member")
elseif _G.Setting_table.Save_All_Member then
	getgenv()['MyName'] = "AllMember"
	print("Save All Member")
else
	getgenv()['MyName'] = "None"
	_G.Dis = true
end

Check_Setting(getgenv()['MyName'])
Get_Setting(getgenv()['MyName'])

_G.Setting_table.Key = _G.wl_key
Update_Setting(getgenv()['MyName'])

if type(_G.Setting_table.Weapon) ~= 'string' then
	for i2,v2 in pairs(game.Players.LocalPlayer.Backpack:GetChildren()) do  
		if tostring(v2.ToolTip) == "Melee" then
			_G.Setting_table.Weapon = v2.Name
		end
	end
end


function Text(value)
    game.StarterGui:SetCore("SendNotification", {
        Title = "MODZ Notification", 
        Text = tostring(value),
        Icon = "http://www.roblox.com/asset/?id=9606070311",
        Duration = 10
    })
end
function Com()
    game.StarterGui:SetCore("SendNotification", {
        Title = "MODZ Notification", 
        Text = "✅  Complete",
        Icon = "http://www.roblox.com/asset/?id=9606070311",
        Duration = 5
    })
end

function TelePBoss(p)
end

function CheckQuestBoss()
	-- Old World
		if _G.SelectBoss == "Saber Expert [Lv. 200] [Boss]" then
			MsBoss = "Saber Expert [Lv. 200] [Boss]"
			NameBoss = "Saber Expert"
			CFrameBoss = CFrame.new(-1458.89502, 29.8870335, -50.633564, 0.858821094, 1.13848939e-08, 0.512275636, -4.85649254e-09, 1, -1.40823326e-08, -0.512275636, 9.6063415e-09, 0.858821094)
		elseif _G.SelectBoss == "The Saw [Lv. 100] [Boss]" then
			MsBoss = "The Saw [Lv. 100] [Boss]"
			NameBoss = "The Saw"
			CFrameBoss = CFrame.new(-683.519897, 13.8534927, 1610.87854, -0.290192783, 6.88365773e-08, 0.956968188, 6.98413629e-08, 1, -5.07531119e-08, -0.956968188, 5.21077759e-08, -0.290192783)
		elseif _G.SelectBoss == "Greybeard [Lv. 750] [Raid Boss]" then
			MsBoss = "Greybeard [Lv. 750] [Raid Boss]"
			NameBoss = "Greybeard"
			CFrameBoss = CFrame.new(-4955.72949, 80.8163834, 4305.82666, -0.433646321, -1.03394289e-08, 0.901083171, -3.0443168e-08, 1, -3.17633075e-09, -0.901083171, -2.88092288e-08, -0.433646321)
		elseif _G.SelectBoss == "The Gorilla King [Lv. 25] [Boss]" then
			MsBoss = "The Gorilla King [Lv. 25] [Boss]" 
			NameBoss = "The Gorilla King"
			NameQuestBoss = "JungleQuest"
			QuestLvBoss = 3
			CFrameQBoss = CFrame.new(-1604.12012, 36.8521118, 154.23732, 0.0648873374, -4.70858913e-06, -0.997892559, 1.41431883e-07, 1, -4.70933674e-06, 0.997892559, 1.64442184e-07, 0.0648873374)
			CFrameBoss = CFrame.new(-1223.52808, 6.27936459, -502.292664, 0.310949147, -5.66602516e-08, 0.950426519, -3.37275488e-08, 1, 7.06501808e-08, -0.950426519, -5.40241736e-08, 0.310949147)
			TelePBoss(CFrameBoss)
		elseif _G.SelectBoss == "Bobby [Lv. 55] [Boss]" then
			MsBoss = "Bobby [Lv. 55] [Boss]"
			NameBoss = "Bobby"
			NameQuestBoss = "BuggyQuest1"
			QuestLvBoss = 3
			CFrameQBoss = CFrame.new(-1139.59717, 4.75205183, 3825.16211, -0.959730506, -7.5857054e-09, 0.280922383, -4.06310328e-08, 1, -1.11807175e-07, -0.280922383, -1.18718916e-07, -0.959730506)
			CFrameBoss = CFrame.new(-1147.65173, 32.5966301, 4156.02588, 0.956680477, -1.77109952e-10, -0.29113996, 5.16530874e-10, 1, 1.08897802e-09, 0.29113996, -1.19218679e-09, 0.956680477)
			TelePBoss(CFrameBoss)
		elseif _G.SelectBoss == "Yeti [Lv. 110] [Boss]" then
			MsBoss = "Yeti [Lv. 110] [Boss]"
			NameBoss = "Yeti"
			NameQuestBoss = "SnowQuest"
			QuestLvBoss = 3
			CFrameQBoss = CFrame.new(1384.90247, 87.3078308, -1296.6825, 0.280209213, 2.72035177e-08, -0.959938943, -6.75690828e-08, 1, 8.6151708e-09, 0.959938943, 6.24481444e-08, 0.280209213)
			CFrameBoss = CFrame.new(1221.7356, 138.046906, -1488.84082, 0.349343032, -9.49245944e-08, 0.936994851, 6.29478194e-08, 1, 7.7838429e-08, -0.936994851, 3.17894653e-08, 0.349343032)
			TelePBoss(CFrameBoss)
		elseif _G.SelectBoss == "Mob Leader [Lv. 120] [Boss]" then
			MsBoss = "Mob Leader [Lv. 120] [Boss]"
			NameBoss = "Mob Leader"
			CFrameBoss = CFrame.new(-2848.59399, 7.4272871, 5342.44043, -0.928248107, -8.7248246e-08, 0.371961564, -7.61816636e-08, 1, 4.44474857e-08, -0.371961564, 1.29216433e-08, -0.92824)
		elseif _G.SelectBoss == "Vice Admiral [Lv. 130] [Boss]" then
			MsBoss = "Vice Admiral [Lv. 130] [Boss]"
			NameBoss = "Vice Admiral"
			NameQuestBoss = "MarineQuest2"
			QuestLvBoss = 2
			CFrameQBoss = CFrame.new(-5035.42285, 28.6520386, 4324.50293, -0.0611100644, -8.08395768e-08, 0.998130739, -1.57416586e-08, 1, 8.00271849e-08, -0.998130739, -1.08217701e-08, -0.0611100644)
			CFrameBoss = CFrame.new(-5078.45898, 99.6520691, 4402.1665, -0.555574954, -9.88630566e-11, 0.831466436, -6.35508286e-08, 1, -4.23449258e-08, -0.831466436, -7.63661632e-08, -0.555574954)
			TelePBoss(CFrameBoss)
		elseif _G.SelectBoss == "Warden [Lv. 220] [Boss]" then
			MsBoss = "Warden [Lv. 220] [Boss]"
			NameBoss = "Warden"
			NameQuestBoss = "ImpelQuest"
			QuestLvBoss = 1
			CFrameQBoss = CFrame.new(4851.35059, 5.68744135, 743.251282, -0.538484037, -6.68303741e-08, -0.842635691, 1.38001752e-08, 1, -8.81300792e-08, 0.842635691, -5.90851599e-08, -0.538484037)
			CFrameBoss = CFrame.new(5232.5625, 5.26856995, 747.506897, 0.943829298, -4.5439414e-08, 0.330433697, 3.47818627e-08, 1, 3.81658154e-08, -0.330433697, -2.45289105e-08, 0.943829298)
			TelePBoss(CFrameBoss)
		elseif _G.SelectBoss == "Chief Warden [Lv. 230] [Boss]" then
			MsBoss = "Chief Warden [Lv. 230] [Boss]"
			NameBoss = "Chief Warden"
			NameQuestBoss = "ImpelQuest"
			QuestLvBoss = 2
			CFrameQBoss = CFrame.new(4851.35059, 5.68744135, 743.251282, -0.538484037, -6.68303741e-08, -0.842635691, 1.38001752e-08, 1, -8.81300792e-08, 0.842635691, -5.90851599e-08, -0.538484037)
			CFrameBoss = CFrame.new(5232.5625, 5.26856995, 747.506897, 0.943829298, -4.5439414e-08, 0.330433697, 3.47818627e-08, 1, 3.81658154e-08, -0.330433697, -2.45289105e-08, 0.943829298)
			TelePBoss(CFrameBoss)
		elseif _G.SelectBoss == "Swan [Lv. 240] [Boss]" then
			MsBoss = "Swan [Lv. 240] [Boss]"
			NameBoss = "Swan"
			NameQuestBoss = "ImpelQuest"
			QuestLvBoss = 3
			CFrameQBoss = CFrame.new(4851.35059, 5.68744135, 743.251282, -0.538484037, -6.68303741e-08, -0.842635691, 1.38001752e-08, 1, -8.81300792e-08, 0.842635691, -5.90851599e-08, -0.538484037)
			CFrameBoss = CFrame.new(5232.5625, 5.26856995, 747.506897, 0.943829298, -4.5439414e-08, 0.330433697, 3.47818627e-08, 1, 3.81658154e-08, -0.330433697, -2.45289105e-08, 0.943829298)
			TelePBoss(CFrameBoss)
		elseif _G.SelectBoss == "Magma Admiral [Lv. 350] [Boss]" then
			MsBoss = "Magma Admiral [Lv. 350] [Boss]"
			NameBoss = "Magma Admiral"
			NameQuestBoss = "MagmaQuest"
			QuestLvBoss = 3
			CFrameQBoss = CFrame.new(-5317.07666, 12.2721891, 8517.41699, 0.51175487, -2.65508806e-08, -0.859131515, -3.91131572e-08, 1, -5.42026761e-08, 0.859131515, 6.13418294e-08, 0.51175487)
			CFrameBoss = CFrame.new(-5530.12646, 22.8769703, 8859.91309, 0.857838571, 2.23414389e-08, 0.513919294, 1.53689133e-08, 1, -6.91265853e-08, -0.513919294, 6.71978384e-08, 0.857838571)
			TelePBoss(CFrameBoss)
		elseif _G.SelectBoss == "Fishman Lord [Lv. 425] [Boss]" then
			MsBoss = "Fishman Lord [Lv. 425] [Boss]"
			NameBoss = "Fishman Lord"
			NameQuestBoss = "FishmanQuest"
			QuestLvBoss = 3
			CFrameQBoss = CFrame.new(61123.0859, 18.5066795, 1570.18018, 0.927145958, 1.0624845e-07, 0.374700129, -6.98219367e-08, 1, -1.10790765e-07, -0.374700129, 7.65569368e-08, 0.927145958)
			CFrameBoss = CFrame.new(61351.7773, 31.0306778, 1113.31409, 0.999974668, 0, -0.00714713801, 0, 1.00000012, 0, 0.00714714266, 0, 0.999974549)
			if (CFrameQBoss.Position - game.Players.LocalPlayer.Character.HumanoidRootPart.Position).Magnitude > 3000 then
				game:GetService("ReplicatedStorage").Remotes.CommF_:InvokeServer("requestEntrance",Vector3.new(61163.8515625, 11.6796875, 1819.7841796875))
			end
		elseif _G.SelectBoss == "Wysper [Lv. 500] [Boss]" then
			MsBoss = "Wysper [Lv. 500] [Boss]"
			NameBoss = "Wysper"
			NameQuestBoss = "SkyExp1Quest"
			QuestLvBoss = 3
			CFrameQBoss = CFrame.new(-7862.94629, 5545.52832, -379.833954, 0.462944925, 1.45838088e-08, -0.886386991, 1.0534996e-08, 1, 2.19553424e-08, 0.886386991, -1.95022007e-08, 0.462944925)
			CFrameBoss = CFrame.new(-7925.48389, 5550.76074, -636.178345, 0.716468513, -1.22915289e-09, 0.697619379, 3.37381434e-09, 1, -1.70304748e-09, -0.697619379, 3.57381835e-09, 0.716468513)
			if (CFrameQBoss.Position - game.Players.LocalPlayer.Character.HumanoidRootPart.Position).Magnitude > 3000 then
				game:GetService("ReplicatedStorage").Remotes.CommF_:InvokeServer("requestEntrance",Vector3.new(-4607.82275, 872.54248, -1667.55688))
			end
		elseif _G.SelectBoss == "Thunder God [Lv. 575] [Boss]" then
			MsBoss = "Thunder God [Lv. 575] [Boss]"
			NameBoss = "Thunder God"
			NameQuestBoss = "SkyExp2Quest"
			QuestLvBoss = 3
			CFrameQBoss = CFrame.new(-7902.78613, 5635.99902, -1411.98706, -0.0361216255, -1.16895912e-07, 0.999347389, 1.44533963e-09, 1, 1.17024491e-07, -0.999347389, 5.6715117e-09, -0.0361216255)
			CFrameBoss = CFrame.new(-7917.53613, 5616.61377, -2277.78564, 0.965189934, 4.80563429e-08, -0.261550069, -6.73089886e-08, 1, -6.46515304e-08, 0.261550069, 8.00056768e-08, 0.965189934)
			TelePBoss(CFrameBoss)
		elseif _G.SelectBoss == "Cyborg [Lv. 675] [Boss]" then
			MsBoss = "Cyborg [Lv. 675] [Boss]"
			NameBoss = "Cyborg"
			NameQuestBoss = "FountainQuest"
			QuestLvBoss = 3
			CFrameQBoss = CFrame.new(5253.54834, 38.5361786, 4050.45166, -0.0112687312, -9.93677887e-08, -0.999936521, 2.55291371e-10, 1, -9.93769547e-08, 0.999936521, -1.37512213e-09, -0.0112687312)
			CFrameBoss = CFrame.new(6041.82813, 52.7112198, 3907.45142, -0.563162148, 1.73805248e-09, -0.826346457, -5.94632716e-08, 1, 4.26280238e-08, 0.826346457, 7.31437524e-08, -0.563162148)
			TelePBoss(CFrameBoss)
		-- New World
		elseif _G.SelectBoss == "Diamond [Lv. 750] [Boss]" then
			MsBoss = "Diamond [Lv. 750] [Boss]"
			NameBoss = "Diamond"
			NameQuestBoss = "Area1Quest"
			QuestLvBoss = 3
			CFrameQBoss = CFrame.new(-424.080078, 73.0055847, 1836.91589, 0.253544956, -1.42165932e-08, 0.967323601, -6.00147771e-08, 1, 3.04272909e-08, -0.967323601, -6.5768397e-08, 0.253544956)
			CFrameBoss = CFrame.new(-1736.26587, 198.627731, -236.412857, -0.997808516, 0, -0.0661673471, 0, 1, 0, 0.0661673471, 0, -0.997808516)
			TelePBoss(CFrameBoss)
		elseif _G.SelectBoss == "Jeremy [Lv. 850] [Boss]" then
			MsBoss = "Jeremy [Lv. 850] [Boss]"
			NameBoss = "Jeremy"
			NameQuestBoss = "Area2Quest"
			QuestLvBoss = 3
			CFrameQBoss = CFrame.new(632.698608, 73.1055908, 918.666321, -0.0319722369, 8.96074881e-10, -0.999488771, 1.36326533e-10, 1, 8.92172336e-10, 0.999488771, -1.07732087e-10, -0.0319722369)
			CFrameBoss = CFrame.new(2203.76953, 448.966034, 752.731079, -0.0217453763, 0, -0.999763548, 0, 1, 0, 0.999763548, 0, -0.0217453763)
			TelePBoss(CFrameBoss)
		elseif _G.SelectBoss == "Fajita [Lv. 925] [Boss]" then
			MsBoss = "Fajita [Lv. 925] [Boss]"
			NameBoss = "Fajita"
			NameQuestBoss = "MarineQuest3"
			QuestLvBoss = 3
			CFrameQBoss = CFrame.new(-2442.65015, 73.0511475, -3219.11523, -0.873540044, 4.2329841e-08, -0.486752301, 5.64383384e-08, 1, -1.43220786e-08, 0.486752301, -3.99823996e-08, -0.873540044)
			CFrameBoss = CFrame.new(-2297.40332, 115.449463, -3946.53833, 0.961227536, -1.46645796e-09, -0.275756449, -2.3212845e-09, 1, -1.34094433e-08, 0.275756449, 1.35296352e-08, 0.961227536)
			TelePBoss(CFrameBoss)
		elseif _G.SelectBoss == "Don Swan [Lv. 1000] [Boss]" then
			MsBoss = "Don Swan [Lv. 1000] [Boss]"
			NameBoss = "Don Swan"
			CFrameBoss = CFrame.new(2288.802, 15.1870775, 863.034607, 0.99974072, -8.41247214e-08, -0.0227668174, 8.4774733e-08, 1, 2.75850098e-08, 0.0227668174, -2.95079072e-08, 0.99974072)
			TelePBoss(CFrameBoss)
		elseif _G.SelectBoss == "Smoke Admiral [Lv. 1150] [Boss]" then
			MsBoss = "Smoke Admiral [Lv. 1150] [Boss]"
			NameBoss = "Smoke Admiral"
			NameQuestBoss = "IceSideQuest"
			QuestLvBoss = 3
			CFrameQBoss = CFrame.new(-6059.96191, 15.9868021, -4904.7373, -0.444992423, -3.0874483e-09, 0.895534337, -3.64098796e-08, 1, -1.4644522e-08, -0.895534337, -3.91229982e-08, -0.444992423)
			CFrameBoss = CFrame.new(-5115.72754, 23.7664986, -5338.2207, 0.251453817, 1.48345061e-08, -0.967869282, 4.02796978e-08, 1, 2.57916977e-08, 0.967869282, -4.54708946e-08, 0.251453817)
			TelePBoss(CFrameBoss)
		elseif _G.SelectBoss == "Cursed Captain [Lv. 1325] [Raid Boss]" then
			MsBoss = "Cursed Captain [Lv. 1325] [Raid Boss]"
			NameBoss = "Cursed Captain"
			CFrameBoss = CFrame.new(916.928589, 181.092773, 33422, -0.999505103, 9.26310495e-09, 0.0314563364, 8.42916226e-09, 1, -2.6643713e-08, -0.0314563364, -2.63653774e-08, -0.999505103)
		elseif _G.SelectBoss == "Darkbeard [Lv. 1000] [Raid Boss]" then
			MsBoss = "Darkbeard [Lv. 1000] [Raid Boss]"
			NameBoss = "Darkbeard"
			CFrameBoss = CFrame.new(3876.00366, 24.6882591, -3820.21777, -0.976951957, 4.97356325e-08, 0.213458836, 4.57335361e-08, 1, -2.36868622e-08, -0.213458836, -1.33787044e-08, -0.976951957)
		elseif _G.SelectBoss == "Order [Lv. 1250] [Raid Boss]" then
			MsBoss = "Order [Lv. 1250] [Raid Boss]"
			NameBoss = "Order"
			CFrameBoss = CFrame.new(-6221.15039, 16.2351036, -5045.23584, -0.380726993, 7.41463495e-08, 0.924687505, 5.85604774e-08, 1, -5.60738549e-08, -0.924687505, 3.28013137e-08, -0.380726993)
		elseif _G.SelectBoss == "Awakened Ice Admiral [Lv. 1400] [Boss]" then
			MsBoss = "Awakened Ice Admiral [Lv. 1400] [Boss]"
			NameBoss = "Awakened Ice Admiral"
			NameQuestBoss = "FrostQuest"
			QuestLvBoss = 3
			CFrameQBoss = CFrame.new(5669.33203, 28.2118053, -6481.55908, 0.921275556, -1.25320829e-08, 0.388910472, 4.72230788e-08, 1, -7.96414241e-08, -0.388910472, 9.17372489e-08, 0.921275556)
			CFrameBoss = CFrame.new(6407.33936, 340.223785, -6892.521, 0.49051559, -5.25310213e-08, -0.871432424, -2.76146022e-08, 1, -7.58250565e-08, 0.871432424, 6.12576301e-08, 0.49051559)
			TelePBoss(CFrameBoss)
		elseif _G.SelectBoss == "Tide Keeper [Lv. 1475] [Boss]" then
			MsBoss = "Tide Keeper [Lv. 1475] [Boss]"
			NameBoss = "Tide Keeper"
			NameQuestBoss = "ForgottenQuest"             
			QuestLvBoss = 3
			CFrameQBoss = CFrame.new(-3053.89648, 236.881363, -10148.2324, -0.985987961, -3.58504737e-09, 0.16681771, -3.07832915e-09, 1, 3.29612559e-09, -0.16681771, 2.73641976e-09, -0.985987961)
			CFrameBoss = CFrame.new(-3570.18652, 123.328949, -11555.9072, 0.465199202, -1.3857326e-08, 0.885206044, 4.0332897e-09, 1, 1.35347511e-08, -0.885206044, -2.72606271e-09, 0.465199202)
			TelePBoss(CFrameBoss)
		-- Thire World
		elseif _G.SelectBoss == "Stone [Lv. 1550] [Boss]" then
			MsBoss = "Stone [Lv. 1550] [Boss]"
			NameBoss = "Stone"
			NameQuestBoss = "PiratePortQuest"             
			QuestLvBoss = 3
			CFrameQBoss = CFrame.new(-290, 44, 5577)
			CFrameBoss = CFrame.new(-1085, 40, 6779)
			TelePBoss(CFrameBoss)
		elseif _G.SelectBoss == "Island Empress [Lv. 1675] [Boss]" then
			MsBoss = "Island Empress [Lv. 1675] [Boss]"
			NameBoss = "Island Empress"
			NameQuestBoss = "AmazonQuest2"             
			QuestLvBoss = 3
			CFrameQBoss = CFrame.new(5443, 602, 752)
			CFrameBoss = CFrame.new(5659, 602, 244)
			TelePBoss(CFrameBoss)
		elseif _G.SelectBoss == "Kilo Admiral [Lv. 1750] [Boss]" then
			MsBoss = "Kilo Admiral [Lv. 1750] [Boss]"
			NameBoss = "Kilo Admiral"
			NameQuestBoss = "MarineTreeIsland"             
			QuestLvBoss = 3
			CFrameQBoss = CFrame.new(2178, 29, -6737)
			CFrameBoss =CFrame.new(2846, 433, -7100)
			TelePBoss(CFrameBoss)
		elseif _G.SelectBoss == "Captain Elephant [Lv. 1875] [Boss]" then
			MsBoss = "Captain Elephant [Lv. 1875] [Boss]"
			NameBoss = "Captain Elephant"
			NameQuestBoss = "DeepForestIsland"             
			QuestLvBoss = 3
			CFrameQBoss = CFrame.new(-13232, 333, -7631)
			CFrameBoss = CFrame.new(-13221, 325, -8405)
			TelePBoss(CFrameBoss)
		elseif _G.SelectBoss == "Beautiful Pirate [Lv. 1950] [Boss]" then
			MsBoss = "Beautiful Pirate [Lv. 1950] [Boss]"
			NameBoss = "Beautiful Pirate"
			NameQuestBoss = "DeepForestIsland2"             
			QuestLvBoss = 3
			CFrameQBoss = CFrame.new(-12686, 391, -9902)
			CFrameBoss = CFrame.new(5182, 23, -20)
			TelePBoss(CFrameBoss)
		elseif _G.SelectBoss == "rip_indra True Form [Lv. 5000] [Raid Boss]" then
			MsBoss = "rip_indra True Form [Lv. 5000] [Raid Boss]"
			NameBoss = "rip_indra True Form"
			CFrameBoss = CFrame.new(-5359, 424, -2735)
			TelePBoss(CFrameBoss)
		elseif _G.SelectBoss == "Longma [Lv. 2000] [Boss]" then
			MsBoss = "Longma [Lv. 2000] [Boss]"
			NameBoss = "Longma"
			CFrameBoss = CFrame.new(-10248.3936, 353.79129, -9306.34473)
			TelePBoss(CFrameBoss)
		elseif _G.SelectBoss == "Soul Reaper [Lv. 2100] [Raid Boss]" then
			MsBoss = "Soul Reaper [Lv. 2100] [Raid Boss]"
			NameBoss = "Soul Reaper"
			CFrameBoss = CFrame.new(-9515.62109, 315.925537, 6691.12012)
			TelePBoss(CFrameBoss)
		elseif _G.SelectBoss == "Cake Queen [Lv. 2175] [Boss]" then
			MsBoss = "Cake Queen [Lv. 2175] [Boss]"
			NameBoss = "Cake Queen"
			NameQuestBoss = "IceCreamIslandQuest"             
			QuestLvBoss = 3
			CFrameQBoss = CFrame.new(-821.267456, 65.9448776, -10964.3994, 0.814093888, -3.67296735e-08, -0.58073324, 3.30765637e-08, 1, -1.6879099e-08, 0.58073324, -5.46748513e-09, 0.814093888)
			CFrameBoss = CFrame.new(-715.467102, 381.69104, -11019.8896, 0.955998719, -1.07319993e-08, -0.293370903, 5.00311881e-09, 1, -2.02781667e-08, 0.293370903, 1.7918131e-08, 0.955998719)
			TelePBoss(CFrameBoss)
		end
	end

	function CheckLevel()
		local Lv = game:GetService("Players").LocalPlayer.Data.Level.Value
		if Old_World and not Auto_Raid then
			if Lv == 1 or Lv <= 9 or SelectMonster == "" then -- Bandit
				Ms = "Bandit"
				NameQuest = "BanditQuest1"
				QuestLv = 1
				NameMon = "Bandit"
				CFrameQ = CFrame.new(1059.37195, 15.4495068, 1550.4231, 0.939700544, -0, -0.341998369, 0, 1, -0, 0.341998369, 0, 0.939700544)
				CFrameMon = CFrame.new(1353.44885, 3.40935516, 1376.92029, 0.776053488, -6.97791975e-08, 0.630666852, 6.99138596e-08, 1, 2.4612488e-08, -0.630666852, 2.49917598e-08, 0.776053488)
				TelePBoss(CFrameQ)
			elseif Lv == 10 or Lv <= 14 or SelectMonster == "Monkey" then -- Monkey
				 
				Ms = "Monkey"
				NameQuest = "JungleQuest"
				QuestLv = 1
				NameMon = "Monkey"
				CFrameQ = CFrame.new(-1598.08911, 35.5501175, 153.377838, 0, 0, 1, 0, 1, -0, -1, 0, 0)
				CFrameMon = CFrame.new(-1402.74609, 98.5633316, 90.6417007, 0.836947978, 0, 0.547282517, -0, 1, -0, -0.547282517, 0, 0.836947978)
				TelePBoss(CFrameQ)
				
			elseif Lv == 15 or Lv <= 29 or SelectMonster == "Gorilla" then -- Gorilla
				Ms = "Gorilla"
				NameQuest = "JungleQuest"
				QuestLv = 2
				NameMon = "Gorilla"
				CFrameQ = CFrame.new(-1598.08911, 35.5501175, 153.377838, 0, 0, 1, 0, 1, -0, -1, 0, 0)
				CFrameMon = CFrame.new(-1267.89001, 66.2034225, -531.818115, -0.813996196, -5.25169774e-08, -0.580869019, -5.58769671e-08, 1, -1.21082593e-08, 0.580869019, 2.26011476e-08, -0.813996196)
				TelePBoss(CFrameQ)

			elseif Lv >= 30 and Lv <= 40-1 or SelectMonster == "Pirate" then
				 
				Ms = "Pirate"
				NameQuest = "BuggyQuest1"
				QuestLv = 1
				NameMon = "Pirate"
				CFrameQ = CFrame.new(-1141.07483, 4.10001802, 3831.5498, 0.965929627, -0, -0.258804798, 0, 1, -0, 0.258804798, 0, 0.965929627)
				CFrameMon = CFrame.new(-1169.5365, 5.09531212, 3933.84082, -0.971822679, -3.73200315e-09, 0.235713184, -4.16762763e-10, 1, 1.41145424e-08, -0.235713184, 1.3618596e-08, -0.971822679)
				TelePBoss(CFrameQ)
				
			elseif Lv >= 40 and Lv <= 60-1 or SelectMonster == "Brute" then
				
				Ms = "Brute"
				NameQuest = "BuggyQuest1"
				QuestLv = 2
				NameMon = "Brute"
				CFrameQ = CFrame.new(-1141.07483, 4.10001802, 3831.5498, 0.965929627, -0, -0.258804798, 0, 1, -0, 0.258804798, 0, 0.965929627)
				CFrameMon = CFrame.new(-1165.09985, 15.1531372, 4363.51514, -0.962800264, 1.17564889e-06, 0.270213336, 2.60172015e-07, 1, -3.4237969e-06, -0.270213336, -3.22613073e-06, -0.962800264)
				TelePBoss(CFrameQ)

			elseif Lv >= 60 and Lv <= 75-1 or SelectMonster == "Desert Bandit" then
				 
				Ms = "Desert Bandit"
				NameQuest = "DesertQuest"
				QuestLv = 1
				NameMon = "Desert Bandit"
				CFrameQ = CFrame.new(894.488647, 5.14000702, 4392.43359, 0.819155693, -0, -0.573571265, 0, 1, -0, 0.573571265, 0, 0.819155693)
				CFrameMon = CFrame.new(932.788818, 6.8503746, 4488.24609, -0.998625934, 3.08948351e-08, 0.0524050146, 2.79967303e-08, 1, -5.60361286e-08, -0.0524050146, -5.44919629e-08, -0.998625934)
				TelePBoss(CFrameQ)
				
			elseif Lv >= 75 and Lv <= 100-1 or SelectMonster == "Desert Officer" then
				Ms = "Desert Officer"
				NameQuest = "DesertQuest"
				QuestLv = 2
				NameMon = "Desert Officer"
				CFrameQ = CFrame.new(894.488647, 5.14000702, 4392.43359, 0.819155693, -0, -0.573571265, 0, 1, -0, 0.573571265, 0, 0.819155693)
				CFrameMon = CFrame.new(1617.07886, 1.5542295, 4295.54932, -0.997540116, -2.26287735e-08, -0.070099175, -1.69377223e-08, 1, -8.17798806e-08, 0.070099175, -8.03913949e-08, -0.997540116)
				TelePBoss(CFrameQ)
			elseif SelectMonster == "Snow Bandit" then -- Snow Bandits
				Ms = "Snow Bandit"
				NameQuest = "SnowQuest"
				QuestLv = 1
				NameMon = "Snow Bandits"
				CFrameQ = CFrame.new(1389.74451, 86.6520844, -1298.90796, -0.342042685, 0, 0.939684391, 0, 1, 0, -0.939684391, 0, -0.342042685)
				CFrameMon = CFrame.new(1412.92346, 55.3503647, -1260.62036, -0.246266365, -0.0169920288, -0.969053388, 0.000432241941, 0.999844253, -0.0176417865, 0.969202161, -0.00476344163, -0.246220857)
				TelePBoss(CFrameQ)
				
			elseif Lv == 100 or Lv <= 119 or SelectMonster == "Snowman" then -- Snowman
				
				Ms = "Snowman"
				NameQuest = "SnowQuest"
				QuestLv = 2
				NameMon = "Snowman"
				CFrameQ = CFrame.new(1389.74451, 86.6520844, -1298.90796, -0.342042685, 0, 0.939684391, 0, 1, 0, -0.939684391, 0, -0.342042685)
				CFrameMon = CFrame.new(1376.86401, 97.2779999, -1396.93115, -0.986755967, 7.71178321e-08, -0.162211925, 7.71531674e-08, 1, 6.08143536e-09, 0.162211925, -6.51427134e-09, -0.986755967)
				TelePBoss(CFrameQ)

			elseif Lv == 120 or Lv <= 174 or SelectMonster == "Chief Petty Officer" then -- Chief Petty Officer
				Ms = "Chief Petty Officer"
				NameQuest = "MarineQuest2"
				QuestLv = 1
				NameMon = "Chief Petty Officer"
				CFrameQ = CFrame.new(-5039.58643, 27.3500385, 4324.68018, 0, 0, -1, 0, 1, 0, 1, 0, 0)
				CFrameMon = CFrame.new(-4882.8623, 22.6520386, 4255.53516, 0.273695946, -5.40380647e-08, -0.96181643, 4.37720793e-08, 1, -4.37274998e-08, 0.96181643, -3.01326679e-08, 0.273695946)
				TelePBoss(CFrameQ)
				
			elseif SelectMonster == "Sky Bandit" then -- Sky Bandit
				Ms = "Sky Bandit"
				NameQuest = "SkyQuest"
				QuestLv = 1
				NameMon = "Sky Bandit"
				CFrameQ = CFrame.new(-4839.53027, 716.368591, -2619.44165, 0.866007268, 0, 0.500031412, 0, 1, 0, -0.500031412, 0, 0.866007268)
				CFrameMon = CFrame.new(-4959.51367, 365.39267, -2974.56812, 0.964867651, 7.74418396e-08, 0.262737453, -6.95931988e-08, 1, -3.91783708e-08, -0.262737453, 1.95171506e-08, 0.964867651)
				TelePBoss(CFrameQ)
				
			elseif Lv == 175 or Lv <= 209 or SelectMonster == "Dark Master" then -- Dark Master
				 
				Ms = "Dark Master"
				NameQuest = "SkyQuest"
				QuestLv = 2
				NameMon = "Dark Master"
				CFrameQ = CFrame.new(-4839.53027, 716.368591, -2619.44165, 0.866007268, 0, 0.500031412, 0, 1, 0, -0.500031412, 0, 0.866007268)
				CFrameMon = CFrame.new(-5079.98096, 376.477356, -2194.17139, 0.465965867, -3.69776352e-08, 0.884802461, 3.40249851e-09, 1, 4.00000886e-08, -0.884802461, -1.56281423e-08, 0.465965867)
				TelePBoss(CFrameQ)
			elseif SelectMonster == "Prisoner" then
				 
				Ms = "Prisoner"
				QuestLv = 1
				NameQuest = "PrisonerQuest"
				NameMon = "Prisoner"
				CFrameQ = CFrame.new(5308.93115, 1.65517521, 475.120514, -0.0894274712, -5.00292918e-09, -0.995993316, 1.60817859e-09, 1, -5.16744869e-09, 0.995993316, -2.06384709e-09, -0.0894274712)
				CFrameMon = CFrame.new(5433.39307, 88.678093, 514.986877, 0.879988372, 0, -0.474995494, 0, 1, 0, 0.474995494, 0, 0.879988372)
				TelePBoss(CFrameQ)
				
			elseif Lv == 210 or Lv <= 249 or SelectMonster == "Dangerous Prisoner" then
				 
				Ms = "Dangerous Prisoner"
				QuestLv = 2
				NameQuest = "PrisonerQuest"
				NameMon = "Dangerous Prisoner"
				CFrameQ = CFrame.new(5308.93115, 1.65517521, 475.120514, -0.0894274712, -5.00292918e-09, -0.995993316, 1.60817859e-09, 1, -5.16744869e-09, 0.995993316, -2.06384709e-09, -0.0894274712)
				CFrameMon = CFrame.new(5433.39307, 88.678093, 514.986877, 0.879988372, 0, -0.474995494, 0, 1, 0, 0.474995494, 0, 0.879988372)
				TelePBoss(CFrameQ)

			elseif Lv == 250 or Lv <= 299 or SelectMonster == "Toga Warrior" then -- Toga Warrior
				 
				Ms = "Toga Warrior"
				NameQuest = "ColosseumQuest"
				QuestLv = 1
				NameMon = "Toga Warrior"
				CFrameQ = CFrame.new(-1576.11743, 7.38933945, -2983.30762, 0.576966345, 1.22114863e-09, 0.816767931, -3.58496594e-10, 1, -1.24185606e-09, -0.816767931, 4.2370063e-10, 0.576966345)
				CFrameMon = CFrame.new(-1779.97583, 44.6077499, -2736.35474, 0.984437346, 4.10396339e-08, 0.175734788, -3.62286876e-08, 1, -3.05844168e-08, -0.175734788, 2.3741821e-08, 0.984437346)
				TelePBoss(CFrameQ)

			elseif Lv == 275 then

				game:GetService("StarterGui"):SetCore("SendNotification", {
					Title = "ScriptBlox"; 
					Text = "Gladiator SpawnRate 1%"; 
					Icon = "http://www.roblox.com/asset/?id=14355269935";
					Duration = 10
				})

				wait(2)

				game:GetService("StarterGui"):SetCore("SendNotification", {
					Title = "ScriptBlox"; 
					Text = "We Direct Auto Farm"; 
					Icon = "http://www.roblox.com/asset/?id=14355269935";
					Duration = 10
				})

				wait(2)

				game:GetService("StarterGui"):SetCore("SendNotification", {
					Title = "ScriptBlox"; 
					Text = "Toga Warrior Monster"; 
					Icon = "http://www.roblox.com/asset/?id=14355269935";
					Duration = 60;
					Button1 = "Understand"
				})

			elseif Lv == 300 or Lv <= 324 or SelectMonster == "Military Soldier" then -- Military Soldier
				 
				Ms = "Military Soldier"
				NameQuest = "MagmaQuest"
				QuestLv = 1
				NameMon = "Military Soldier"
				CFrameQ = CFrame.new(-5316.55859, 12.2370615, 8517.2998, 0.588437557, -1.37880001e-08, -0.808542669, -2.10116209e-08, 1, -3.23446478e-08, 0.808542669, 3.60215964e-08, 0.588437557)
				CFrameMon = CFrame.new(-5363.01123, 41.5056877, 8548.47266, -0.578253984, -3.29503091e-10, 0.815856814, 9.11209668e-08, 1, 6.498761e-08, -0.815856814, 1.11920997e-07, -0.578253984)
				TelePBoss(CFrameQ)
				
			elseif Lv == 325 or Lv <= 374 or SelectMonster == "Military Spy" then -- Military Spy
				 
				Ms = "Military Spy"
				NameQuest = "MagmaQuest"
				QuestLv = 2
				NameMon = "Military Spy"
				CFrameQ = CFrame.new(-5316.55859, 12.2370615, 8517.2998, 0.588437557, -1.37880001e-08, -0.808542669, -2.10116209e-08, 1, -3.23446478e-08, 0.808542669, 3.60215964e-08, 0.588437557)
				CFrameMon = CFrame.new(-5787.99023, 120.864456, 8762.25293, -0.188358366, -1.84706277e-08, 0.982100308, -1.23782129e-07, 1, -4.93306951e-09, -0.982100308, -1.22495649e-07, -0.188358366)
				TelePBoss(CFrameQ)

			elseif Lv == 375 or Lv <= 399 or SelectMonster == "Fishman Warrior" then -- Fishman Warrior
				 
				Ms = "Fishman Warrior"
				NameQuest = "FishmanQuest"
				QuestLv = 1
				NameMon = "Fishman Warrior"
				CFrameQ = CFrame.new(61122.5625, 18.4716396, 1568.16504, 0.893533468, 3.95251609e-09, 0.448996574, -2.34327455e-08, 1, 3.78297464e-08, -0.448996574, -4.43233645e-08, 0.893533468)
				CFrameMon = CFrame.new(60946.6094, 48.6735229, 1525.91687, -0.0817126185, 8.90751153e-08, 0.996655822, 2.00889794e-08, 1, -8.77269599e-08, -0.996655822, 1.28533992e-08, -0.0817126185)
				if Auto_Farm and (CFrameMon.Position - game.Players.LocalPlayer.Character.HumanoidRootPart.Position).Magnitude > 3000 then
					_G.Stop_Tween = true
					TP(CFrameQ)
					wait(.5)
					game:GetService("ReplicatedStorage").Remotes.CommF_:InvokeServer("requestEntrance",Vector3.new(61163.8515625, 11.6796875, 1819.7841796875))
					wait(.5)
					_G.Stop_Tween = nil
				end
				
			elseif Lv == 400 or Lv <= 449 or SelectMonster == "Fishman Commando" then -- Fishman Commando
				 
				Ms = "Fishman Commando"
				NameQuest = "FishmanQuest"
				QuestLv = 2
				NameMon = "Fishman Commando"
				CFrameQ = CFrame.new(61122.5625, 18.4716396, 1568.16504)
				CFrameMon = CFrame.new(61900.6211, 18.4828186, 1473.38196, 0.699908674, -1.60197153e-08, -0.714232326, -5.19895842e-08, 1, -7.33762278e-08, 0.714232326, 8.84893012e-08, 0.699908674)
				if Auto_Farm and (CFrameMon.Position - game.Players.LocalPlayer.Character.HumanoidRootPart.Position).Magnitude > 3000 then
					_G.Stop_Tween = true
					TP(CFrameQ)
					wait(.5)
					game:GetService("ReplicatedStorage").Remotes.CommF_:InvokeServer("requestEntrance",Vector3.new(61163.8515625, 11.6796875, 1819.7841796875))
					wait(.5)
					_G.Stop_Tween = nil
				end

			elseif Lv == 450 or Lv <= 474 or SelectMonster == "God's Guard" then 
				Ms = "God's Guard"
				NameQuest = "SkyExp1Quest"
				QuestLv = 1
				NameMon = "God's Guards"
				CFrameQ = CFrame.new(-4721.71436, 845.277161, -1954.20105)
				CFrameMon = CFrame.new(-4716.95703, 853.089722, -1933.925427)
				if Auto_Farm and (CFrameMon.Position - game.Players.LocalPlayer.Character.HumanoidRootPart.Position).Magnitude > 3000 then
					_G.Stop_Tween = true
					TP(CFrameQ)
					wait(.5)
					game:GetService("ReplicatedStorage").Remotes.CommF_:InvokeServer("requestEntrance",Vector3.new(-4607.82275, 872.54248, -1667.55688))
					wait(.5)
					_G.Stop_Tween = nil
				end

			elseif Lv == 475 or Lv <= 524 or SelectMonster == "Shanda" then
				Ms = "Shanda"
				NameQuest = "SkyExp1Quest"
				QuestLv = 2
				NameMon = "Shandas"
				CFrameQ = CFrame.new(-7859.09814, 5544.19043, -381.476196, -0.422592998, 0, 0.906319618, 0, 1, 0, -0.906319618, 0, -0.422592998)
				CFrameMon = CFrame.new(-7904.57373, 5584.37646, -459.62973, 0.65171206, 5.11171692e-08, 0.758466363, -4.76232476e-09, 1, -6.33034247e-08, -0.758466363, 3.76435416e-08, 0.65171206)
				if Auto_Farm and (CFrameMon.Position - game.Players.LocalPlayer.Character.HumanoidRootPart.Position).Magnitude > 3000 then
					_G.Stop_Tween = true
					TP(CFrameQ)
					wait(.5)
					game:GetService("ReplicatedStorage").Remotes.CommF_:InvokeServer("requestEntrance",Vector3.new(-7894.6176757813, 5547.1416015625, -380.29119873047))
					wait(.5)
					_G.Stop_Tween = nil
				end

			elseif Lv == 525 or Lv <= 549 or SelectMonster == "Royal Squad" then -- Royal Squad
				 
				Ms = "Royal Squad"
				NameQuest = "SkyExp2Quest"
				QuestLv = 1
				NameMon = "Royal Squad"
				CFrameQ = CFrame.new(-7906.81592, 5634.6626, -1411.99194, 0, 0, -1, 0, 1, 0, 1, 0, 0)
				CFrameMon = CFrame.new(-7555.04199, 5606.90479, -1303.24744, -0.896107852, -9.6057462e-10, -0.443836004, -4.24974544e-09, 1, 6.41599973e-09, 0.443836004, 7.63560326e-09, -0.896107852)
				TelePBoss(CFrameQ) 
			elseif Lv == 550 or Lv <= 624 or SelectMonster == "Royal Soldier" then -- Royal Soldier
				 
				Ms = "Royal Soldier"
				NameQuest = "SkyExp2Quest"
				QuestLv = 2
				NameMon = "Royal Soldier"
				CFrameQ = CFrame.new(-7906.81592, 5634.6626, -1411.99194, 0, 0, -1, 0, 1, 0, 1, 0, 0)
				CFrameMon = CFrame.new(-7837.31152, 5649.65186, -1791.08582, -0.716008604, 0.0104285581, -0.698013008, 5.02521061e-06, 0.99988848, 0.0149335321, 0.69809103, 0.0106890313, -0.715928733)
				TelePBoss(CFrameQ)

			elseif Lv == 625 or Lv <= 649 or SelectMonster == "Galley Pirate" then -- Galley Pirate
				 
				Ms = "Galley Pirate"
				NameQuest = "FountainQuest"
				QuestLv = 1
				NameMon = "Galley Pirate"
				CFrameQ = CFrame.new(5259.81982, 37.3500175, 4050.0293, 0.087131381, 0, 0.996196866, 0, 1, 0, -0.996196866, 0, 0.087131381)
				CFrameMon = CFrame.new(5569.80518, 38.5269432, 3849.01196, 0.896460414, 3.98027495e-08, 0.443124533, -1.34262139e-08, 1, -6.26611296e-08, -0.443124533, 5.02237434e-08, 0.896460414)
				TelePBoss(CFrameQ)
			elseif Lv >= 650 or SelectMonster == "Galley Captain" then -- Galley Captain
				 
				Ms = "Galley Captain"
				NameQuest = "FountainQuest"
				QuestLv = 2
				NameMon = "Galley Captain"
				CFrameQ = CFrame.new(5259.81982, 37.3500175, 4050.0293, 0.087131381, 0, 0.996196866, 0, 1, 0, -0.996196866, 0, 0.087131381)
				CFrameMon = CFrame.new(5782.90186, 94.5326462, 4716.78174, 0.361808896, -1.24757526e-06, -0.932252586, 2.16989656e-06, 1, -4.96097414e-07, 0.932252586, -1.84339774e-06, 0.361808896)
				TelePBoss(CFrameQ)
				
			end
		end
		if New_World and not Auto_Raid then
			 
			if Lv == 700 or Lv <= 724 or SelectMonster == "Raider" then -- Raider
				Ms = "Raider"
				NameQuest = "Area1Quest"
				QuestLv = 1
				NameMon = "Raider"
				CFrameQ = CFrame.new(-429.543518, 71.7699966, 1836.18188, -0.22495985, 0, -0.974368095, 0, 1, 0, 0.974368095, 0, -0.22495985)
				CFrameMon = CFrame.new(-737.026123, 10.1748352, 2392.57959, 0.272128761, 0, -0.962260842, -0, 1, -0, 0.962260842, 0, 0.272128761)
				TelePBoss(CFrameQ)
			elseif Lv == 725 or Lv <= 774 or SelectMonster == "Mercenary" then -- Mercenary
				Ms = "Mercenary"
				NameQuest = "Area1Quest"
				QuestLv = 2
				NameMon = "Mercenary"
				CFrameQ = CFrame.new(-429.543518, 71.7699966, 1836.18188, -0.22495985, 0, -0.974368095, 0, 1, 0, 0.974368095, 0, -0.22495985)
				CFrameMon = CFrame.new(-1022.21271, 72.9855194, 1891.39148, -0.990782857, 0, -0.135460541, 0, 1, 0, 0.135460541, 0, -0.990782857)
				TelePBoss(CFrameQ)
			elseif Lv == 775 or Lv <= 799 or SelectMonster == "Swan Pirate" then -- Swan Pirate
				Ms = "Swan Pirate"
				NameQuest = "Area2Quest"
				QuestLv = 1
				NameMon = "Swan Pirate"
				CFrameQ = CFrame.new(638.43811, 71.769989, 918.282898, 0.139203906, 0, 0.99026376, 0, 1, 0, -0.99026376, 0, 0.139203906)
				CFrameMon = CFrame.new(976.467651, 111.174057, 1229.1084, 0.00852567982, -4.73897828e-08, -0.999963999, 1.12251888e-08, 1, -4.7295778e-08, 0.999963999, -1.08215579e-08, 0.00852567982)
				TelePBoss(CFrameQ)
			elseif Lv == 800 or Lv <= 874 or SelectMonster == "Factory Staff" then -- Factory Staff
				Ms = "Factory Staff"
				NameQuest = "Area2Quest"
				QuestLv = 2
				NameMon = "Factory Staff"
				CFrameQ = CFrame.new(638.43811, 71.769989, 918.282898, 0.139203906, 0, 0.99026376, 0, 1, 0, -0.99026376, 0, 0.139203906)
				CFrameMon = CFrame.new(336.74585, 73.1620483, -224.129272, 0.993632793, 3.40154607e-08, 0.112668738, -3.87658332e-08, 1, 3.99718729e-08, -0.112668738, -4.40850592e-08, 0.993632793)
				TelePBoss(CFrameQ)
			elseif Lv == 875 or Lv <= 899 or SelectMonster == "Marine Lieutenant" then -- Marine Lieutenant
				Ms = "Marine Lieutenant"
				NameQuest = "MarineQuest3"
				QuestLv = 1
				NameMon = "Marine Lieutenant"
				CFrameQ = CFrame.new(-2440.79639, 71.7140732, -3216.06812, 0.866007268, 0, 0.500031412, 0, 1, 0, -0.500031412, 0, 0.866007268)
				CFrameMon = CFrame.new(-2842.69922, 72.9919434, -2901.90479, -0.762281299, 0, -0.64724648, 0, 1.00000012, 0, 0.64724648, 0, -0.762281299)
				TelePBoss(CFrameQ)
			elseif Lv == 900 or Lv <= 949 or SelectMonster == "Marine Captain" then -- Marine Captain
				Ms = "Marine Captain"
				NameQuest = "MarineQuest3"
				QuestLv = 2
				NameMon = "Marine Captain"
				CFrameQ = CFrame.new(-2440.79639, 71.7140732, -3216.06812, 0.866007268, 0, 0.500031412, 0, 1, 0, -0.500031412, 0, 0.866007268)
				CFrameMon = CFrame.new(-1814.70313, 72.9919434, -3208.86621, -0.900422215, 7.93464423e-08, -0.435017526, 3.68856199e-08, 1, 1.06050372e-07, 0.435017526, 7.94441988e-08, -0.900422215)
				TelePBoss(CFrameQ)
			elseif Lv == 950 or Lv <= 974 or SelectMonster == "Zombie" then -- Zombie
				Ms = "Zombie"
				NameQuest = "ZombieQuest"
				QuestLv = 1
				NameMon = "Zombie"
				CFrameQ = CFrame.new(-5497.06152, 47.5923004, -795.237061, -0.29242146, 0, -0.95628953, 0, 1, 0, 0.95628953, 0, -0.29242146)
				CFrameMon = CFrame.new(-5649.23438, 126.0578, -737.773743, 0.355238914, -8.10359282e-08, 0.934775114, 1.65461245e-08, 1, 8.04023372e-08, -0.934775114, -1.3095117e-08, 0.355238914)
				TelePBoss(CFrameQ)
			elseif Lv == 975 or Lv <= 999 or SelectMonster == "Vampire" then -- Vampire
				Ms = "Vampire"
				NameQuest = "ZombieQuest"
				QuestLv = 2
				NameMon = "Vampire"
